[[[  937.   134.     0.]
  [    4.  3064.    39.]
  [   18.   496. 18978.]]

 [[ 6308.   118.    27.]
  [  210. 11971.    89.]
  [   51.    70.  4826.]]

 [[    0.     0.     0.]
  [    4. 23663.     3.]
  [    0.     0.     0.]]

 [[ 6334.    89.    30.]
  [   65. 12128.    77.]
  [   35.    75.  4837.]]

 [[    0.     0.     0.]
  [    1. 23663.     6.]
  [    0.     0.     0.]]

 [[22835.     8.     0.]
  [   82.   745.     0.]
  [    0.     0.     0.]]

 [[17567.    55.     0.]
  [   21.  6027.     0.]
  [    0.     0.     0.]]

 [[22032.   297.     0.]
  [  657.   684.     0.]
  [    0.     0.     0.]]]
