[[[    0.     0.     0.]
  [    2. 13907.    25.]
  [    1.    18.  4617.]]

 [[ 1947.    80.    31.]
  [  382. 13618.   366.]
  [   24.    58.  2064.]]

 [[ 3551.  1396.    47.]
  [  853.  7929.   230.]
  [   41.   315.  4208.]]

 [[ 1946.    80.    32.]
  [  377. 13680.   309.]
  [   26.    71.  2049.]]

 [[ 2509.   277.    51.]
  [  176. 11967.   250.]
  [   34.   155.  3151.]]

 [[14577.  1391.     0.]
  [ 1092.  1510.     0.]
  [    0.     0.     0.]]

 [[13920.    14.     0.]
  [   17.  4619.     0.]
  [    0.     0.     0.]]

 [[18556.    14.     0.]
  [    0.     0.     0.]
  [    0.     0.     0.]]]
